1748936923522 0.09154456853866577 0
1748936925740 0.03209647163748741 1
1748936927839 0.015737760812044144 2
1748936929785 0.008484910242259502 3
1748936931730 0.005147326737642288 4
1748936933747 0.0035775688011199236 5
1748936935768 0.00277181644923985 6
1748936937708 0.00239480915479362 7
1748936939648 0.001991830300539732 8
1748936941674 0.0018345824209973216 9
1748936943642 0.0016569729195907712 10
1748936945814 0.0015139372553676367 11
1748936947914 0.0014069880126044154 12
1748936950218 0.0013614501804113388 13
1748936952212 0.0013257651589810848 14
1748936954594 0.001348448102362454 15
1748936957548 0.0012153948191553354 16
1748936960552 0.001115498598664999 17
1748936963208 0.0011324867373332381 18
1748936966186 0.0010909010889008641 19
1748936969519 0.0010573964100331068 20
1748936972549 0.001051547471433878 21
1748936974908 0.00100988638587296 22
1748936976850 0.0009410143829882145 23
1748936978809 0.0009397255489602685 24
1748936981049 0.0008699065074324608 25
1748936983407 0.0008891672478057444 26
1748936985619 0.0008126981556415558 27
1748936988281 0.0008331765420734882 28
1748936991022 0.0008072443888522685 29
1748936993311 0.00077766616595909 30
1748936995380 0.0007616929360665381 31
1748936997540 0.0007677437970414758 32
1748936999481 0.0007176787476055324 33
1748937001619 0.0007207111339084804 34
1748937003792 0.0006936360150575638 35
1748937005966 0.0006926272180862725 36
1748937008195 0.0006887135677970946 37
1748937010437 0.0006728701409883797 38
1748937012504 0.000631299801170826 39
1748937014728 0.0006562268827110529 40
1748937017427 0.0006123578059487045 41
1748937019905 0.0006092765834182501 42
1748937022089 0.0006388204637914896 43
1748937024228 0.0006129818502813578 44
1748937026192 0.0005962360301055014 45
1748937028003 0.0006189034320414066 46
1748937029905 0.0005868235602974892 47
1748937031820 0.0005356099572964013 48
1748937033667 0.000591753632761538 49
1748937035506 0.000551714445464313 50
1748937037306 0.0005520106642507017 51
1748937039110 0.0005727411480620503 52
1748937040930 0.000555548700504005 53
1748937042788 0.0005193277029320598 54
1748937044642 0.0005303281359374523 55
1748937046627 0.0005540412967093289 56
1748937048580 0.0005251851980574429 57
1748937050436 0.0005107450997456908 58
1748937052248 0.0004980834783054888 59
1748937054062 0.000500617315992713 60
1748937055953 0.0005076932720839977 61
1748937057753 0.0005131848738528788 62
1748937059542 0.0004680476849898696 63
1748937061459 0.000490141857881099 64
1748937063758 0.000444821227574721 65
1748937066102 0.00048030746984295547 66
1748937068858 0.00047328058280982077 67
1748937071718 0.0004803270276170224 68
1748937074407 0.0005003960686735809 69
1748937077234 0.0004841066256631166 70
1748937080079 0.00042749440763145685 71
1748937082740 0.00043392370571382344 72
1748937085376 0.00044628893374465406 73
1748937088192 0.0004395335854496807 74
1748937090950 0.00040418695425614715 75
1748937093793 0.00044189931941218674 76
1748937096935 0.00042199858580715954 77
1748937099693 0.0004267491167411208 78
1748937102296 0.0004099548968952149 79
1748937104855 0.000412948545999825 80
1748937107747 0.00041890566353686154 81
1748937110721 0.00040574613376520574 82
1748937113274 0.0004289998905733228 83
1748937115971 0.00041237150435335934 84
1748937118916 0.0004099855141248554 85
1748937121877 0.0004054289311170578 86
1748937124591 0.00040080471080727875 87
1748937127275 0.00039864424616098404 88
1748937129963 0.00041028670966625214 89
1748937132596 0.00038443214725703 90
1748937135316 0.0003830901987385005 91
1748937138099 0.0004162573895882815 92
1748937141184 0.00039308180566877127 93
1748937143749 0.0003901506424881518 94
1748937146328 0.00037567951949313283 95
1748937148990 0.00037067598896101117 96
1748937151667 0.00037644591066055 97
1748937154206 0.0003582278441172093 98
1748937156771 0.0003837473050225526 99
1748937159667 0.00038141285767778754 100
1748937162260 0.0003721604007296264 101
1748937164903 0.0003742401022464037 102
1748937167982 0.00040332667413167655 103
1748937170882 0.00036770469159819186 104
1748937173615 0.00036467716563493013 105
1748937176226 0.0003643186064437032 106
1748937178920 0.00034873621189035475 107
1748937181553 0.0003520350146573037 108
1748937184445 0.00035490706795826554 109
1748937186934 0.0003293437766842544 110
1748937189158 0.00036016086232848465 111
1748937190970 0.0003519478195812553 112
1748937192782 0.0003456321428529918 113
1748937194631 0.00034099764889106154 114
1748937196480 0.0003519770107232034 115
1748937198279 0.00033672081190161407 116
1748937200082 0.00036695567541755736 117
1748937201876 0.00036205718060955405 118
1748937203678 0.00034402270102873445 119
1748937205492 0.00034126348327845335 120
1748937207391 0.00036206384538672864 121
1748937209203 0.0003339865943416953 122
1748937210999 0.0003368399920873344 123
1748937212815 0.00032327385270036757 124
1748937214629 0.00031484459759667516 125
1748937216443 0.00032700435258448124 126
1748937218250 0.0003333458735141903 127
1748937220066 0.00032981816912069917 128
1748937221963 0.00032198819098994136 129
1748937223821 0.00032146580633707345 130
1748937225656 0.0003350279584992677 131
1748937227473 0.00032183542498387396 132
1748937229324 0.0003149568219669163 133
1748937231170 0.0003429841890465468 134
1748937233005 0.0003177798062097281 135
1748937234806 0.00031736018718220294 136
1748937236613 0.00033404541318304837 137
1748937238432 0.0003203406522516161 138
1748937240232 0.0003221576916985214 139
1748937242041 0.0003381801943760365 140
1748937243844 0.00032727050711400807 141
1748937245657 0.00031879384187050164 142
1748937247469 0.00032436969922855496 143
1748937249387 0.0003116054576821625 144
1748937251276 0.00033968297066166997 145
1748937253071 0.0003316921938676387 146
1748937254874 0.00032411457505077124 147
1748937256676 0.0003314807254355401 148
1748937258524 0.0003222419472876936 149
