1748932454345 0.076522096991539 0
1748932456547 0.019660575315356255 1
1748932458599 0.01004643365740776 2
1748932460765 0.005830378271639347 3
1748932462833 0.003998910076916218 4
1748932464966 0.00308596552349627 5
1748932467073 0.0027003500144928694 6
1748932469114 0.002249045530334115 7
1748932471252 0.0020837162155658007 8
1748932473306 0.0018864852609112859 9
1748932475507 0.0017631629016250372 10
1748932477539 0.0016526486724615097 11
1748932479696 0.001555095543153584 12
1748932481855 0.0014574738452211022 13
1748932483893 0.0014130186755210161 14
1748932486015 0.0013130777515470982 15
1748932488152 0.0013416369911283255 16
1748932490273 0.0012226857943460345 17
1748932492394 0.0011869489680975676 18
1748932494450 0.0012351281475275755 19
1748932496584 0.0011202306486666203 20
1748932498713 0.0011053887428715825 21
1748932500826 0.001057890709489584 22
1748932502944 0.0010573416948318481 23
1748932504960 0.0010464328806847334 24
1748932507081 0.0009825305314734578 25
1748932509178 0.0009783117566257715 26
1748932511339 0.0009326935396529734 27
1748932513499 0.0009066002094186842 28
1748932515646 0.0009064970654435456 29
1748932517675 0.0008669090457260609 30
1748932519790 0.0009152378770522773 31
1748932521911 0.0008806241094134748 32
1748932524032 0.0008714984869584441 33
1748932526170 0.0008336378377862275 34
1748932528196 0.0008221172611229122 35
1748932530327 0.0008099174592643976 36
1748932532344 0.0007816529832780361 37
1748932534384 0.0007729598437435925 38
1748932536495 0.0007434003637172282 39
1748932538598 0.0007446095114573836 40
1748932540628 0.0007251668139360845 41
1748932542736 0.0006905389600433409 42
1748932544864 0.000689507054630667 43
1748932546885 0.0006928276852704585 44
1748932548919 0.0006600279593840241 45
1748932551034 0.0006862923037260771 46
1748932553085 0.0006500596646219492 47
1748932555099 0.0006493579712696373 48
1748932557154 0.0006298255175352097 49
1748932559172 0.0006173723377287388 50
1748932561204 0.0006475722184404731 51
1748932563345 0.0006118195597082376 52
1748932565421 0.0006075716810300946 53
1748932567519 0.0006208980339579284 54
1748932569662 0.0005427596624940634 55
1748932571678 0.0005746730021201074 56
1748932573699 0.0005625478806905448 57
1748932575710 0.0005364703247323632 58
1748932577739 0.0005293810972943902 59
1748932579851 0.0005779819912277162 60
1748932581973 0.0005497131496667862 61
1748932584019 0.0005335138412192464 62
1748932586054 0.0005293725989758968 63
1748932588162 0.0005346219404600561 64
1748932590209 0.0005229492671787739 65
1748932592320 0.00048142712330445647 66
1748932594366 0.0004967981949448586 67
1748932596525 0.00047495990293100476 68
1748932598580 0.000508641533087939 69
1748932600727 0.000492196821141988 70
1748932602755 0.00048804987454786897 71
1748932604804 0.00047397418529726565 72
1748932606842 0.00046525715151801705 73
1748932608878 0.00045531539944931865 74
1748932611001 0.0004639290855266154 75
1748932613039 0.0004498334019444883 76
1748932615106 0.00045964622404426336 77
1748932617140 0.0004885763628408313 78
1748932619303 0.000473912077723071 79
1748932621315 0.00041726682684384286 80
1748932623338 0.00045131967635825276 81
1748932625386 0.00042793556349352 82
1748932627441 0.0004488012345973402 83
1748932629549 0.0004239144327584654 84
1748932631695 0.00042878853855654597 85
1748932633736 0.0004193151544313878 86
1748932635859 0.0004037143662571907 87
1748932637892 0.0004275041283108294 88
1748932639927 0.0004396530566737056 89
1748932641954 0.0004079769423697144 90
1748932643988 0.0004268872435204685 91
1748932646031 0.0004301640437915921 92
1748932648176 0.0004160269454587251 93
1748932650222 0.00039942559669725597 94
1748932652263 0.0004184659046586603 95
1748932654315 0.0004091538139618933 96
1748932656474 0.0003862143203150481 97
1748932658622 0.00040612314478494227 98
1748932660672 0.00040929121314547956 99
1748932662795 0.00037850707303732634 100
1748932664977 0.00036296172766014934 101
1748932667203 0.0003973470884375274 102
1748932669349 0.0004063084488734603 103
1748932671506 0.00037316305679269135 104
1748932673690 0.0003967158554587513 105
1748932675968 0.00037347048055380583 106
1748932678257 0.00041219554259441793 107
1748932680421 0.0003709077136591077 108
1748932682584 0.00034484261414036155 109
1748932684743 0.00035506373387761414 110
1748932687044 0.00038840511115267873 111
1748932689769 0.0003612808941397816 112
1748932692598 0.00038106116699054837 113
1748932695581 0.000359691766789183 114
1748932698509 0.00036451188498176634 115
1748932701278 0.00036353792529553175 116
1748932704151 0.00035340309841558337 117
1748932706994 0.00035833774018101394 118
1748932709819 0.0003627579426392913 119
1748932712654 0.00034854328259825706 120
1748932715653 0.00034720340045168996 121
1748932718767 0.0003438105632085353 122
1748932721342 0.0003545476938597858 123
1748932723887 0.00036867507151328027 124
1748932726493 0.00034747898462228477 125
1748932729398 0.00033788708969950676 126
1748932732245 0.00033756697666831315 127
1748932735058 0.00032736288267187774 128
1748932737859 0.00035262410528957844 129
1748932740470 0.0003410662175156176 130
1748932742987 0.00035376937012188137 131
1748932745420 0.0003361506969667971 132
1748932747913 0.0003558387979865074 133
1748932750810 0.0003488442162051797 134
1748932753504 0.0003406682808417827 135
1748932756051 0.00035702818422578275 136
1748932758690 0.0003473969700280577 137
1748932761194 0.00032492316677235067 138
1748932763620 0.0003222862724214792 139
1748932766036 0.0003469542716629803 140
1748932768478 0.00033102091401815414 141
1748932770925 0.00035095715429633856 142
1748932773453 0.00033308606361970305 143
1748932775942 0.0003138741885777563 144
1748932778369 0.00031027224031277 145
1748932780879 0.0003460307780187577 146
1748932783501 0.0003164332010783255 147
1748932785986 0.00032395549351349473 148
1748932788447 0.00030063814483582973 149
